# ------------------------
#  Over All Evaluation - Final Project - Evaluation
# ------------------------
index			accuracy
1			1.0
2			0.5
3			0.6666666666666666
4			0.5
5			0.6
6			0.6666666666666666
7			0.7142857142857143
8			0.625
9			0.6666666666666666
10			0.7
11			0.6363636363636364
12			0.5833333333333334
13			0.6153846153846154
14			0.6428571428571429
15			0.6666666666666666
16			0.6875
17			0.6470588235294118
18			0.6111111111111112
19			0.631578947368421
20			0.6
21			0.6190476190476191
22			0.5909090909090909
23			0.6086956521739131
24			0.625
25			0.64
26			0.6153846153846154
27			0.6296296296296297
28			0.6071428571428571
29			0.6206896551724138
30			0.6333333333333333
31			0.6129032258064516
32			0.59375
33			0.6060606060606061
34			0.5882352941176471
35			0.5714285714285714
36			0.5555555555555556
37			0.5675675675675675
38			0.5789473684210527
39			0.5897435897435898
40			0.6
41			0.6097560975609756
42			0.6190476190476191
43			0.627906976744186
44			0.6363636363636364
45			0.6222222222222222
46			0.6086956521739131
47			0.6170212765957447
48			0.625
49			0.6122448979591837
50			0.6
51			0.6078431372549019
52			0.6153846153846154
53			0.6226415094339622
54			0.6296296296296297
55			0.6363636363636364
56			0.625
57			0.631578947368421
58			0.6206896551724138
59			0.6271186440677966
60			0.6333333333333333
61			0.639344262295082
62			0.6451612903225806
63			0.6349206349206349
64			0.625
65			0.6307692307692307
66			0.6363636363636364
67			0.6417910447761194
68			0.6470588235294118
69			0.6521739130434783
70			0.6571428571428571
71			0.647887323943662
72			0.6527777777777778
73			0.6438356164383562
74			0.6486486486486487
75			0.64
76			0.6447368421052632
77			0.6493506493506493
78			0.6538461538461539
79			0.6582278481012658
80			0.65
81			0.6419753086419753
82			0.6463414634146342
83			0.6506024096385542
84			0.6428571428571429
85			0.6352941176470588
86			0.6395348837209303
87			0.6436781609195402
88			0.6363636363636364
89			0.6404494382022472
90			0.6444444444444445
91			0.6483516483516484
92			0.6521739130434783
93			0.6559139784946236
94			0.648936170212766
95			0.6526315789473685
96			0.65625
97			0.6597938144329897
98			0.6530612244897959
99			0.6464646464646465
100			0.65
101			0.6435643564356436
102			0.6470588235294118
103			0.6504854368932039
104			0.6538461538461539
105			0.6571428571428571
106			0.660377358490566
107			0.6542056074766355
108			0.6574074074074074
109			0.6513761467889908
110			0.6545454545454545
111			0.6486486486486487
112			0.6517857142857143
113			0.6460176991150443
114			0.6491228070175439
115			0.6521739130434783
116			0.6551724137931034
117			0.6581196581196581
118			0.6610169491525424
119			0.6638655462184874
120			0.6666666666666666
121			0.6694214876033058
122			0.6721311475409836
123			0.6747967479674797
124			0.6774193548387096
125			0.672
126			0.6746031746031746
127			0.6692913385826772
128			0.671875
129			0.6744186046511628
130			0.676923076923077
131			0.6793893129770993
132			0.6818181818181818
133			0.6766917293233082
134			0.6791044776119403
135			0.6814814814814815
136			0.6764705882352942
137			0.6788321167883211
138			0.6739130434782609
139			0.6762589928057554
140			0.6785714285714286
141			0.6808510638297872
142			0.6830985915492958
143			0.6853146853146853
144			0.6875
145			0.6827586206896552
146			0.684931506849315
147			0.6870748299319728
148			0.6891891891891891
149			0.6912751677852349
150			0.6933333333333334
151			0.695364238410596
152			0.6973684210526315
153			0.6993464052287581
154			0.6948051948051948
155			0.6967741935483871
156			0.6987179487179487
157			0.7006369426751592
158			0.7025316455696202
159			0.7044025157232704
160			0.7
161			0.7018633540372671
162			0.7037037037037037
163			0.7055214723926381
164			0.7073170731707317
165			0.703030303030303
166			0.7048192771084337
167			0.7065868263473054
168			0.7083333333333334
169			0.7041420118343196
170			0.7
171			0.695906432748538
172			0.6976744186046512
173			0.6994219653179191
174			0.7011494252873564
175			0.7028571428571428
176			0.7045454545454546
177			0.7062146892655368
178			0.702247191011236
179			0.6983240223463687
180			0.7
181			0.7016574585635359
182			0.7032967032967034
183			0.7049180327868853
184			0.7010869565217391
185			0.7027027027027027
186			0.6989247311827957
187			0.7005347593582888
188			0.7021276595744681
189			0.7037037037037037
190			0.7
191			0.7015706806282722
192			0.703125
193			0.7046632124352331
194			0.7061855670103093
195			0.7076923076923077
196			0.7091836734693877
197			0.7106598984771574
198			0.7121212121212122
199			0.7085427135678392
200			0.71
201			0.7064676616915423
202			0.7079207920792079
203			0.7093596059113301
204			0.7058823529411765
205			0.7073170731707317
206			0.7087378640776699
207			0.7053140096618358
208			0.7067307692307693
209			0.7081339712918661
210			0.7095238095238096
211			0.7109004739336493
212			0.7075471698113207
213			0.7089201877934272
214			0.7102803738317757
215			0.7116279069767442
216			0.7129629629629629
217			0.7142857142857143
218			0.7155963302752294
219			0.7123287671232876
220			0.7136363636363636
221			0.7149321266968326
222			0.7162162162162162
223			0.7174887892376681
224			0.7142857142857143
225			0.7111111111111111
226			0.7123893805309734
227			0.7136563876651982
228			0.7149122807017544
229			0.7161572052401747
230			0.717391304347826
231			0.7142857142857143
232			0.7155172413793104
233			0.7124463519313304
234			0.7136752136752137
235			0.7148936170212766
236			0.7161016949152542
237			0.7130801687763713
238			0.7142857142857143
239			0.7154811715481172
240			0.7166666666666667
241			0.7178423236514523
242			0.71900826446281
243			0.720164609053498
244			0.7213114754098361
245			0.7224489795918367
246			0.7235772357723578
247			0.7246963562753036
248			0.7258064516129032
249			0.7228915662650602
250			0.724
251			0.7250996015936255
252			0.7261904761904762
253			0.7272727272727273
254			0.7244094488188977
255			0.7254901960784313
256			0.72265625
257			0.7198443579766537
258			0.7170542635658915
259			0.7142857142857143
260			0.7153846153846154
261			0.7126436781609196
262			0.7137404580152672
263			0.714828897338403
264			0.7159090909090909
265			0.7169811320754716
266			0.7180451127819549
267			0.7191011235955056
268			0.7201492537313433
269			0.7174721189591078
270			0.7148148148148148
271			0.7158671586715867
272			0.7169117647058824
273			0.717948717948718
274			0.7153284671532847
275			0.7127272727272728
276			0.7101449275362319
277			0.7111913357400722
278			0.7122302158273381
279			0.7132616487455197
280			0.7142857142857143
281			0.7153024911032029
282			0.7163120567375887
283			0.7173144876325088
284			0.7147887323943662
285			0.7157894736842105
286			0.7132867132867133
287			0.710801393728223
288			0.7118055555555556
289			0.7093425605536332
290			0.7103448275862069
291			0.711340206185567
292			0.708904109589041
293			0.7098976109215017
294			0.7108843537414966
295			0.7084745762711865
296			0.706081081081081
297			0.7070707070707071
298			0.7046979865771812
299			0.705685618729097
300			0.7066666666666667
301			0.707641196013289
302			0.7052980132450332
303			0.7062706270627063
304			0.7072368421052632
305			0.7049180327868853
306			0.7026143790849673
307			0.7035830618892508
308			0.7012987012987013
309			0.7022653721682848
310			0.7032258064516129
311			0.7009646302250804
312			0.7019230769230769
313			0.6996805111821086
314			0.7006369426751592
315			0.7015873015873015
316			0.7025316455696202
317			0.7034700315457413
318			0.7044025157232704
319			0.7053291536050157
320			0.703125
321			0.7040498442367601
322			0.7049689440993789
323			0.7058823529411765
324			0.7067901234567902
325			0.7076923076923077
326			0.7085889570552147
327			0.7064220183486238
328			0.7073170731707317
329			0.7082066869300911
330			0.7090909090909091
331			0.7099697885196374
332			0.7078313253012049
333			0.7057057057057057
334			0.7065868263473054
335			0.7074626865671642
336			0.7083333333333334
337			0.7062314540059347
338			0.7041420118343196
339			0.7020648967551623
340			0.7029411764705882
341			0.7038123167155426
342			0.7017543859649122
343			0.7026239067055393
344			0.7034883720930233
345			0.7043478260869566
346			0.7052023121387283
347			0.7060518731988472
348			0.7068965517241379
349			0.7048710601719198
350			0.7028571428571428
351			0.7037037037037037
352			0.7045454545454546
353			0.7053824362606232
354			0.7033898305084746
355			0.704225352112676
356			0.702247191011236
357			0.7030812324929971
358			0.7039106145251397
359			0.7047353760445683
360			0.7055555555555556
361			0.7063711911357341
362			0.7071823204419889
363			0.7079889807162535
364			0.7087912087912088
365			0.7095890410958904
366			0.7103825136612022
367			0.7111716621253406
368			0.7092391304347826
369			0.7100271002710027
370			0.7081081081081081
371			0.7088948787061995
372			0.7096774193548387
373			0.707774798927614
374			0.7058823529411765
375			0.7066666666666667
376			0.7074468085106383
377			0.7082228116710876
378			0.7063492063492064
379			0.7071240105540897
380			0.7078947368421052
381			0.7086614173228346
382			0.7068062827225131
383			0.7075718015665796
384			0.7083333333333334
385			0.7064935064935065
386			0.7072538860103627
387			0.7054263565891473
388			0.7061855670103093
389			0.7043701799485861
390			0.7051282051282052
391			0.7058823529411765
392			0.7066326530612245
393			0.7048346055979644
394			0.7055837563451777
395			0.7037974683544304
396			0.7045454545454546
397			0.7027707808564232
398			0.7035175879396985
399			0.7017543859649122
400			0.7025
401			0.7032418952618454
402			0.7039800995024875
403			0.7047146401985112
404			0.7029702970297029
405			0.7037037037037037
406			0.7044334975369458
407			0.7051597051597052
408			0.7058823529411765
409			0.706601466992665
410			0.7073170731707317
411			0.7055961070559611
412			0.7063106796116505
413			0.7070217917675545
414			0.7077294685990339
415			0.708433734939759
416			0.7091346153846154
417			0.709832134292566
418			0.7105263157894737
419			0.7088305489260143
420			0.7095238095238096
421			0.7102137767220903
422			0.7109004739336493
423			0.7115839243498818
424			0.7122641509433962
425			0.7129411764705882
426			0.7136150234741784
427			0.7142857142857143
428			0.7149532710280374
429			0.7156177156177156
430			0.7162790697674418
431			0.7169373549883991
432			0.7175925925925926
433			0.7159353348729792
434			0.716589861751152
435			0.7172413793103448
436			0.7178899082568807
437			0.7185354691075515
438			0.7168949771689498
439			0.7175398633257403
440			0.7181818181818181
441			0.7188208616780045
442			0.7171945701357466
443			0.7178329571106095
444			0.7162162162162162
445			0.7168539325842697
446			0.7174887892376681
447			0.7181208053691275
448			0.71875
449			0.7171492204899778
450			0.7155555555555555
451			0.7139689578713969
452			0.7146017699115044
453			0.7152317880794702
454			0.7158590308370044
455			0.7164835164835165
456			0.7149122807017544
457			0.7133479212253829
458			0.7117903930131004
459			0.7124183006535948
460			0.7130434782608696
461			0.7136659436008677
462			0.7142857142857143
463			0.712742980561555
464			0.7133620689655172
465			0.7118279569892473
466			0.7103004291845494
467			0.7109207708779444
468			0.7094017094017094
469			0.7100213219616205
470			0.7106382978723405
471			0.7112526539278131
472			0.7097457627118644
473			0.7103594080338267
474			0.7109704641350211
475			0.7115789473684211
476			0.7121848739495799
477			0.710691823899371
478			0.7112970711297071
479			0.7098121085594989
480			0.7083333333333334
481			0.7068607068607069
482			0.7074688796680498
483			0.7080745341614907
484			0.7086776859504132
485			0.709278350515464
486			0.7098765432098766
487			0.7104722792607803
488			0.7090163934426229
489			0.7096114519427403
490			0.7081632653061225
491			0.7087576374745418
492			0.709349593495935
493			0.7099391480730223
494			0.708502024291498
495			0.7090909090909091
496			0.7096774193548387
497			0.7082494969818913
498			0.7068273092369478
499			0.7074148296593187
500			0.706
501			0.7065868263473054
502			0.7051792828685259
503			0.705765407554672
504			0.7063492063492064
505			0.7069306930693069
506			0.7075098814229249
507			0.7080867850098619
508			0.7086614173228346
509			0.7092337917485265
510			0.7098039215686275
511			0.7084148727984344
512			0.70703125
513			0.7056530214424951
514			0.7062256809338522
515			0.7048543689320388
516			0.7054263565891473
517			0.7059961315280464
518			0.7046332046332047
519			0.7032755298651252
520			0.7038461538461539
521			0.7044145873320538
522			0.7049808429118773
523			0.7036328871892925
524			0.7041984732824428
525			0.7028571428571428
526			0.7034220532319392
527			0.7039848197343453
528			0.7045454545454546
529			0.7051039697542533
530			0.7056603773584905
531			0.704331450094162
532			0.7048872180451128
533			0.7054409005628518
534			0.7059925093632958
535			0.7065420560747664
536			0.707089552238806
537			0.707635009310987
538			0.7063197026022305
539			0.7050092764378478
540			0.7037037037037037
541			0.7024029574861368
542			0.7029520295202952
543			0.7034990791896869
544			0.7022058823529411
545			0.7027522935779816
546			0.7014652014652014
547			0.7020109689213894
548			0.7025547445255474
549			0.7030965391621129
550			0.7036363636363636
551			0.7023593466424682
552			0.7028985507246377
553			0.7034358047016275
554			0.7021660649819494
555			0.7009009009009008
556			0.6996402877697842
557			0.7001795332136446
558			0.6989247311827957
559			0.6994633273703041
560			0.7
561			0.6987522281639929
562			0.699288256227758
563			0.6980461811722913
564			0.6985815602836879
565			0.6973451327433628
566			0.6978798586572438
567			0.6984126984126984
568			0.698943661971831
569			0.6994727592267135
570			0.6982456140350877
571			0.6987740805604203
572			0.6993006993006993
573			0.6980802792321117
574			0.6968641114982579
575			0.697391304347826
576			0.6961805555555556
577			0.6967071057192374
578			0.6955017301038062
579			0.694300518134715
580			0.6948275862068966
581			0.6953528399311532
582			0.6958762886597938
583			0.6963979416809606
584			0.696917808219178
585			0.6957264957264957
586			0.6962457337883959
587			0.696763202725724
588			0.6972789115646258
589			0.6977928692699491
590			0.6983050847457627
591			0.6988155668358714
592			0.6993243243243243
593			0.6998313659359191
594			0.7003367003367004
595			0.6991596638655462
596			0.6996644295302014
597			0.6984924623115578
598			0.6989966555183946
599			0.6978297161936561
600			0.6983333333333334
601			0.697171381031614
602			0.6960132890365448
603			0.6965174129353234
604			0.6970198675496688
605			0.6975206611570248
606			0.698019801980198
607			0.6985172981878089
608			0.6973684210526315
609			0.6962233169129721
610			0.6967213114754098
611			0.6972176759410802
612			0.6977124183006536
613			0.6982055464926591
614			0.6970684039087948
615			0.697560975609756
616			0.698051948051948
617			0.6969205834683955
618			0.6974110032362459
619			0.6962843295638126
620			0.6967741935483871
621			0.6956521739130435
622			0.6961414790996785
623			0.6966292134831461
624			0.6971153846153846
625			0.6976
626			0.6980830670926518
627			0.696969696969697
628			0.697452229299363
629			0.6979332273449921
630			0.6984126984126984
631			0.6988906497622821
632			0.6993670886075949
633			0.6998420221169036
634			0.7003154574132492
635			0.6992125984251969
636			0.6981132075471698
637			0.6970172684458399
638			0.6974921630094044
639			0.6979655712050078
640			0.6984375
641			0.6989079563182528
642			0.6993769470404985
643			0.6998444790046656
644			0.7003105590062112
645			0.7007751937984497
646			0.7012383900928792
647			0.7001545595054096
648			0.7006172839506173
649			0.7010785824345146
650			0.7
651			0.7004608294930875
652			0.6993865030674846
653			0.6998468606431854
654			0.7003058103975535
655			0.7007633587786259
656			0.7012195121951219
657			0.7016742770167428
658			0.7021276595744681
659			0.701062215477997
660			0.7015151515151515
661			0.7019667170953101
662			0.702416918429003
663			0.702865761689291
664			0.7033132530120482
665			0.7037593984962406
666			0.7027027027027027
667			0.7031484257871065
668			0.7035928143712575
669			0.7040358744394619
670			0.7029850746268657
671			0.7034277198211625
672			0.7023809523809523
673			0.7028231797919762
674			0.701780415430267
675			0.7007407407407408
676			0.7011834319526628
677			0.7016248153618907
678			0.700589970501475
679			0.7010309278350515
680			0.7014705882352941
681			0.7019089574155654
682			0.7008797653958945
683			0.6998535871156661
684			0.7002923976608187
685			0.7007299270072993
686			0.7011661807580175
687			0.7016011644832606
688			0.7020348837209303
689			0.7024673439767779
690			0.7028985507246377
691			0.703328509406657
692			0.7023121387283237
693			0.7027417027417028
694			0.7031700288184438
695			0.7035971223021583
696			0.7025862068965517
697			0.703012912482066
698			0.7020057306590258
699			0.7010014306151645
700			0.7014285714285714
701			0.7004279600570613
702			0.7008547008547008
703			0.701280227596017
704			0.7017045454545454
705			0.700709219858156
706			0.6997167138810199
707			0.7001414427157001
708			0.7005649717514124
709			0.7009873060648801
710			0.7014084507042253
711			0.7018284106891702
712			0.702247191011236
713			0.7026647966339411
714			0.7030812324929971
715			0.7020979020979021
716			0.702513966480447
717			0.702928870292887
718			0.7033426183844012
719			0.7037552155771906
720			0.7041666666666667
721			0.7045769764216366
722			0.7049861495844876
723			0.7053941908713693
724			0.7044198895027625
725			0.7048275862068966
726			0.7052341597796143
727			0.7042640990371389
728			0.7032967032967034
729			0.7037037037037037
730			0.7027397260273973
731			0.7017783857729138
732			0.7008196721311475
733			0.7012278308321964
734			0.7016348773841962
735			0.7020408163265306
736			0.7010869565217391
737			0.7014925373134329
738			0.7018970189701897
739			0.7023004059539919
740			0.7013513513513514
741			0.7017543859649122
742			0.7021563342318059
743			0.702557200538358
744			0.7029569892473119
745			0.702013422818792
746			0.7024128686327078
747			0.7028112449799196
748			0.7032085561497327
749			0.7036048064085447
750			0.7026666666666667
751			0.7017310252996005
752			0.7021276595744681
753			0.701195219123506
754			0.7015915119363395
755			0.7019867549668874
756			0.701058201058201
757			0.7014531043593131
758			0.7018469656992085
759			0.7022397891963109
760			0.7013157894736842
761			0.7003942181340341
762			0.699475065616798
763			0.6998689384010485
764			0.6989528795811518
765			0.6993464052287581
766			0.6997389033942559
767			0.7001303780964798
768			0.7005208333333334
769			0.7009102730819246
770			0.7012987012987013
771			0.7003891050583657
772			0.7007772020725389
773			0.7011642949547219
774			0.7002583979328165
775			0.7006451612903226
776			0.7010309278350515
777			0.7014157014157014
778			0.7017994858611826
779			0.7021822849807445
780			0.7025641025641025
781			0.7029449423815621
782			0.7033248081841432
783			0.70242656449553
784			0.7028061224489796
785			0.7019108280254777
786			0.7022900763358778
787			0.7026683608640406
788			0.7030456852791879
789			0.7034220532319392
790			0.7025316455696202
791			0.7016434892541087
792			0.702020202020202
793			0.7023959646910467
794			0.7027707808564232
795			0.7018867924528301
796			0.7022613065326633
797			0.7013801756587202
798			0.7005012531328321
799			0.7008760951188986
800			0.70125
801			0.700374531835206
802			0.699501246882793
803			0.6998754669987547
804			0.7002487562189055
805			0.7006211180124223
806			0.6997518610421837
807			0.6988847583643123
808			0.6992574257425742
809			0.6996291718170581
810			0.7
811			0.6991368680641183
812			0.6995073891625616
813			0.6998769987699877
814			0.7002457002457002
815			0.7006134969325153
816			0.7009803921568627
817			0.7001223990208079
818			0.7004889975550123
819			0.7008547008547008
820			0.7
821			0.7003654080389768
822			0.7007299270072993
823			0.701093560145808
824			0.7014563106796117
825			0.7018181818181818
826			0.7021791767554479
827			0.7025392986698912
828			0.7016908212560387
829			0.7008443908323281
830			0.7012048192771084
831			0.7003610108303249
832			0.6995192307692307
833			0.6998799519807923
834			0.7002398081534772
835			0.7005988023952096
836			0.7009569377990431
837			0.7013142174432497
838			0.7004773269689738
839			0.700834326579261
840			0.7011904761904761
841			0.7015457788347206
842			0.7019002375296912
843			0.7022538552787663
844			0.70260663507109
845			0.7017751479289941
846			0.7021276595744681
847			0.7012987012987013
848			0.7016509433962265
849			0.702002355712603
850			0.7011764705882353
851			0.7015276145710928
852			0.7018779342723005
853			0.7022274325908558
854			0.7014051522248244
855			0.7017543859649122
856			0.7009345794392523
857			0.7012835472578763
858			0.7016317016317016
859			0.7019790454016298
860			0.7023255813953488
861			0.70267131242741
862			0.7018561484918794
863			0.7010428736964078
864			0.7013888888888888
865			0.7017341040462428
866			0.7020785219399538
867			0.7024221453287197
868			0.7027649769585254
869			0.7031070195627158
870			0.7022988505747126
871			0.7026406429391504
872			0.7029816513761468
873			0.7033218785796106
874			0.7036613272311213
875			0.704
876			0.704337899543379
877			0.7046750285062714
878			0.7050113895216401
879			0.7042093287827076
880			0.7045454545454546
881			0.7048808172531215
882			0.7052154195011338
883			0.7044167610419027
884			0.7047511312217195
885			0.7050847457627119
886			0.7054176072234764
887			0.705749718151071
888			0.704954954954955
889			0.7052868391451068
890			0.7056179775280899
891			0.7059483726150393
892			0.7051569506726457
893			0.7043673012318029
894			0.7046979865771812
895			0.7039106145251397
896			0.7042410714285714
897			0.7045707915273133
898			0.7048997772828508
899			0.7052280311457174
900			0.7055555555555556
901			0.7058823529411765
902			0.7062084257206208
903			0.7065337763012182
904			0.7057522123893806
905			0.7060773480662983
906			0.7064017660044151
907			0.7067254685777288
908			0.7059471365638766
909			0.7051705170517052
910			0.7054945054945055
911			0.7058177826564215
# ------------------------
Overall Average Accuracy:0.7058177826564215