# ------------------------
#  Over All Evaluation - Final Project - Evaluation
# ------------------------
index			accuracy
1			1.0
2			0.5
3			0.3333333333333333
4			0.25
5			0.2
6			0.3333333333333333
7			0.2857142857142857
8			0.25
9			0.3333333333333333
10			0.3
11			0.2727272727272727
12			0.25
13			0.3076923076923077
14			0.35714285714285715
15			0.4
16			0.4375
17			0.47058823529411764
18			0.4444444444444444
19			0.42105263157894735
20			0.4
21			0.42857142857142855
22			0.4090909090909091
23			0.43478260869565216
24			0.4166666666666667
25			0.44
26			0.46153846153846156
27			0.4444444444444444
28			0.42857142857142855
29			0.41379310344827586
30			0.43333333333333335
31			0.45161290322580644
32			0.46875
33			0.48484848484848486
34			0.5
35			0.4857142857142857
36			0.4722222222222222
37			0.4864864864864865
38			0.5
39			0.5128205128205128
40			0.525
41			0.5365853658536586
42			0.5238095238095238
43			0.5116279069767442
44			0.5227272727272727
45			0.5111111111111111
46			0.5
47			0.5106382978723404
48			0.5208333333333334
49			0.5102040816326531
50			0.5
51			0.5098039215686274
52			0.5
53			0.5094339622641509
54			0.5185185185185185
55			0.509090909090909
56			0.5
57			0.5087719298245614
58			0.5
59			0.5084745762711864
60			0.5166666666666667
61			0.5245901639344263
62			0.532258064516129
63			0.5238095238095238
64			0.515625
65			0.5230769230769231
66			0.5303030303030303
67			0.5223880597014925
68			0.5294117647058824
69			0.5362318840579711
70			0.5428571428571428
71			0.5492957746478874
72			0.5555555555555556
73			0.547945205479452
74			0.5540540540540541
75			0.5466666666666666
76			0.5526315789473685
77			0.5454545454545454
78			0.5384615384615384
79			0.5443037974683544
80			0.55
81			0.5432098765432098
82			0.5487804878048781
83			0.5421686746987951
84			0.5357142857142857
85			0.5294117647058824
86			0.5348837209302325
87			0.5402298850574713
88			0.5454545454545454
89			0.550561797752809
90			0.5555555555555556
91			0.5604395604395604
92			0.5652173913043478
93			0.5698924731182796
94			0.5638297872340425
95			0.5578947368421052
96			0.5625
97			0.5567010309278351
98			0.5510204081632653
99			0.5454545454545454
100			0.55
101			0.5544554455445545
102			0.5588235294117647
103			0.5631067961165048
104			0.5673076923076923
105			0.5714285714285714
106			0.5754716981132075
107			0.5700934579439252
108			0.5740740740740741
109			0.5688073394495413
110			0.5727272727272728
111			0.5765765765765766
112			0.5803571428571429
113			0.5752212389380531
114			0.5789473684210527
115			0.5739130434782609
116			0.5775862068965517
117			0.5811965811965812
118			0.5847457627118644
119			0.5798319327731093
120			0.5833333333333334
121			0.5867768595041323
122			0.5901639344262295
123			0.5934959349593496
124			0.5967741935483871
125			0.592
126			0.5952380952380952
127			0.5905511811023622
128			0.59375
129			0.5891472868217055
130			0.5923076923076923
131			0.5877862595419847
132			0.5909090909090909
133			0.5939849624060151
134			0.5970149253731343
135			0.5925925925925926
136			0.5955882352941176
137			0.5985401459854015
138			0.6014492753623188
139			0.60431654676259
140			0.6071428571428571
141			0.6099290780141844
142			0.6126760563380281
143			0.6153846153846154
144			0.6111111111111112
145			0.6068965517241379
146			0.6095890410958904
147			0.6122448979591837
148			0.6148648648648649
149			0.6174496644295302
150			0.62
151			0.6225165562913907
152			0.625
153			0.6274509803921569
154			0.6233766233766234
155			0.6193548387096774
156			0.6217948717948718
157			0.6242038216560509
158			0.6265822784810127
159			0.6289308176100629
160			0.625
161			0.6273291925465838
162			0.6296296296296297
163			0.6319018404907976
164			0.6280487804878049
165			0.6242424242424243
166			0.6204819277108434
167			0.6227544910179641
168			0.625
169			0.621301775147929
170			0.6176470588235294
171			0.6140350877192983
172			0.6104651162790697
173			0.6127167630057804
174			0.6149425287356322
175			0.6171428571428571
176			0.6193181818181818
177			0.6214689265536724
178			0.6179775280898876
179			0.6145251396648045
180			0.6166666666666667
181			0.6187845303867403
182			0.6208791208791209
183			0.6229508196721312
184			0.6195652173913043
185			0.6216216216216216
186			0.6182795698924731
187			0.6203208556149733
188			0.6170212765957447
189			0.6190476190476191
190			0.6157894736842106
191			0.6178010471204188
192			0.6197916666666666
193			0.6217616580310881
194			0.6185567010309279
195			0.6205128205128205
196			0.6173469387755102
197			0.6192893401015228
198			0.6212121212121212
199			0.6180904522613065
200			0.615
201			0.6119402985074627
202			0.6138613861386139
203			0.6108374384236454
204			0.6078431372549019
205			0.6097560975609756
206			0.6067961165048543
207			0.6038647342995169
208			0.6057692307692307
209			0.6076555023923444
210			0.6095238095238096
211			0.6066350710900474
212			0.6084905660377359
213			0.6103286384976526
214			0.6074766355140186
215			0.6093023255813953
216			0.6111111111111112
217			0.6082949308755761
218			0.6055045871559633
219			0.6027397260273972
220			0.6045454545454545
221			0.6018099547511312
222			0.6036036036036037
223			0.6053811659192825
224			0.6026785714285714
225			0.6044444444444445
226			0.6061946902654868
227			0.6079295154185022
228			0.6096491228070176
229			0.611353711790393
230			0.6130434782608696
231			0.6147186147186147
232			0.6163793103448276
233			0.6137339055793991
234			0.6153846153846154
235			0.6170212765957447
236			0.614406779661017
237			0.6118143459915611
238			0.6134453781512605
239			0.6150627615062761
240			0.6166666666666667
241			0.6182572614107884
242			0.6157024793388429
243			0.6172839506172839
244			0.6188524590163934
245			0.6204081632653061
246			0.6178861788617886
247			0.6194331983805668
248			0.6209677419354839
249			0.6224899598393574
250			0.624
251			0.6215139442231076
252			0.623015873015873
253			0.6245059288537549
254			0.6259842519685039
255			0.6274509803921569
256			0.625
257			0.6264591439688716
258			0.627906976744186
259			0.6254826254826255
260			0.6269230769230769
261			0.6283524904214559
262			0.6259541984732825
263			0.623574144486692
264			0.625
265			0.6226415094339622
266			0.6240601503759399
267			0.6254681647940075
268			0.6268656716417911
269			0.6245353159851301
270			0.6259259259259259
271			0.6236162361623616
272			0.625
273			0.6263736263736264
274			0.6277372262773723
275			0.6254545454545455
276			0.6231884057971014
277			0.6245487364620939
278			0.6258992805755396
279			0.6272401433691757
280			0.6285714285714286
281			0.6298932384341637
282			0.6276595744680851
283			0.6289752650176679
284			0.6267605633802817
285			0.624561403508772
286			0.6223776223776224
287			0.6202090592334495
288			0.6215277777777778
289			0.6193771626297578
290			0.6206896551724138
291			0.6219931271477663
292			0.6198630136986302
293			0.621160409556314
294			0.6224489795918368
295			0.6237288135593221
296			0.6216216216216216
297			0.6195286195286195
298			0.6174496644295302
299			0.6187290969899666
300			0.62
301			0.6179401993355482
302			0.6158940397350994
303			0.6171617161716172
304			0.618421052631579
305			0.6163934426229508
306			0.6143790849673203
307			0.6156351791530945
308			0.6136363636363636
309			0.6116504854368932
310			0.6129032258064516
311			0.6109324758842444
312			0.6121794871794872
313			0.610223642172524
314			0.60828025477707
315			0.6095238095238096
316			0.6107594936708861
317			0.61198738170347
318			0.6132075471698113
319			0.6144200626959248
320			0.6125
321			0.6105919003115264
322			0.6118012422360248
323			0.6099071207430341
324			0.6080246913580247
325			0.6092307692307692
326			0.6104294478527608
327			0.6085626911314985
328			0.6067073170731707
329			0.6048632218844985
330			0.6060606060606061
331			0.6042296072507553
332			0.6024096385542169
333			0.6006006006006006
334			0.6017964071856288
335			0.6029850746268657
336			0.6011904761904762
337			0.599406528189911
338			0.6005917159763313
339			0.5988200589970502
340			0.5970588235294118
341			0.5982404692082112
342			0.5964912280701754
343			0.597667638483965
344			0.5988372093023255
345			0.6
346			0.6011560693641619
347			0.6023054755043228
348			0.603448275862069
349			0.6017191977077364
350			0.6
351			0.6011396011396012
352			0.6022727272727273
353			0.603399433427762
354			0.6016949152542372
355			0.6028169014084507
356			0.601123595505618
357			0.6022408963585434
358			0.6033519553072626
359			0.6044568245125348
360			0.6055555555555555
361			0.6066481994459834
362			0.6077348066298343
363			0.6088154269972452
364			0.6098901098901099
365			0.6109589041095891
366			0.6120218579234973
367			0.6130790190735694
368			0.6141304347826086
369			0.6151761517615176
370			0.6162162162162163
371			0.6172506738544474
372			0.6182795698924731
373			0.6193029490616622
374			0.6203208556149733
375			0.6213333333333333
376			0.6196808510638298
377			0.6180371352785146
378			0.6164021164021164
379			0.6147757255936676
380			0.6131578947368421
381			0.6115485564304461
382			0.6099476439790575
383			0.6109660574412533
384			0.609375
385			0.6077922077922078
386			0.6062176165803109
387			0.6072351421188631
388			0.6056701030927835
389			0.6041131105398457
390			0.6025641025641025
391			0.6010230179028133
392			0.6020408163265306
393			0.6005089058524173
394			0.6015228426395939
395			0.6
396			0.601010101010101
397			0.5994962216624685
398			0.6005025125628141
399			0.5989974937343359
400			0.6
401			0.5985037406483791
402			0.599502487562189
403			0.6004962779156328
404			0.599009900990099
405			0.5975308641975309
406			0.5985221674876847
407			0.5995085995085995
408			0.6004901960784313
409			0.6014669926650367
410			0.6
411			0.5985401459854015
412			0.5995145631067961
413			0.6004842615012107
414			0.6014492753623188
415			0.6024096385542169
416			0.6009615384615384
417			0.6019184652278178
418			0.6028708133971292
419			0.6014319809069213
420			0.6023809523809524
421			0.6009501187648456
422			0.6018957345971564
423			0.6028368794326241
424			0.6037735849056604
425			0.6047058823529412
426			0.6032863849765259
427			0.6042154566744731
428			0.6051401869158879
429			0.6060606060606061
430			0.6069767441860465
431			0.605568445475638
432			0.6064814814814815
433			0.605080831408776
434			0.6036866359447005
435			0.6045977011494252
436			0.6055045871559633
437			0.6041189931350115
438			0.6027397260273972
439			0.6013667425968109
440			0.6022727272727273
441			0.6031746031746031
442			0.6018099547511312
443			0.600451467268623
444			0.5990990990990991
445			0.6
446			0.600896860986547
447			0.6017897091722595
448			0.6026785714285714
449			0.6013363028953229
450			0.6
451			0.6008869179600886
452			0.6017699115044248
453			0.6026490066225165
454			0.6035242290748899
455			0.6043956043956044
456			0.6030701754385965
457			0.6017505470459519
458			0.6004366812227074
459			0.6013071895424836
460			0.6021739130434782
461			0.6030368763557483
462			0.6038961038961039
463			0.6025917926565875
464			0.603448275862069
465			0.6021505376344086
466			0.6008583690987125
467			0.6017130620985011
468			0.6004273504273504
469			0.6012793176972282
470			0.6021276595744681
471			0.6029723991507431
472			0.6038135593220338
473			0.6046511627906976
474			0.6054852320675106
475			0.6063157894736843
476			0.6071428571428571
477			0.6058700209643606
478			0.606694560669456
479			0.605427974947808
480			0.60625
481			0.6070686070686071
482			0.6078838174273858
483			0.6086956521739131
484			0.609504132231405
485			0.6103092783505155
486			0.6090534979423868
487			0.6098562628336756
488			0.6086065573770492
489			0.6094069529652352
490			0.6081632653061224
491			0.6089613034623218
492			0.6097560975609756
493			0.6085192697768763
494			0.6072874493927125
495			0.6080808080808081
496			0.6088709677419355
497			0.607645875251509
498			0.606425702811245
499			0.6072144288577155
500			0.606
501			0.6067864271457086
502			0.6055776892430279
503			0.6063618290258449
504			0.6051587301587301
505			0.6059405940594059
506			0.6067193675889329
507			0.6074950690335306
508			0.6062992125984252
509			0.6070726915520629
510			0.6078431372549019
511			0.6066536203522505
512			0.60546875
513			0.6042884990253411
514			0.6050583657587548
515			0.6038834951456311
516			0.6046511627906976
517			0.6054158607350096
518			0.6042471042471043
519			0.603082851637765
520			0.6019230769230769
521			0.6007677543186181
522			0.6015325670498084
523			0.6003824091778203
524			0.601145038167939
525			0.6
526			0.6007604562737643
527			0.6015180265654649
528			0.6022727272727273
529			0.6030245746691871
530			0.6037735849056604
531			0.6045197740112994
532			0.6052631578947368
533			0.6060037523452158
534			0.6067415730337079
535			0.6074766355140186
536			0.6082089552238806
537			0.6089385474860335
538			0.6096654275092936
539			0.608534322820037
540			0.6074074074074074
541			0.6062846580406654
542			0.6051660516605166
543			0.6058931860036832
544			0.6047794117647058
545			0.6055045871559633
546			0.6043956043956044
547			0.603290676416819
548			0.6040145985401459
549			0.6029143897996357
550			0.6018181818181818
551			0.6007259528130672
552			0.6014492753623188
553			0.6021699819168174
554			0.6010830324909747
555			0.6
556			0.5989208633093526
557			0.599640933572711
558			0.5985663082437276
559			0.5992844364937389
560			0.6
561			0.5989304812834224
562			0.597864768683274
563			0.5968028419182948
564			0.5975177304964538
565			0.5964601769911504
566			0.5971731448763251
567			0.5978835978835979
568			0.5985915492957746
569			0.5975395430579965
570			0.5964912280701754
571			0.5971978984238179
572			0.5979020979020979
573			0.5968586387434555
574			0.5975609756097561
575			0.5965217391304348
576			0.5954861111111112
577			0.5961871750433275
578			0.5951557093425606
579			0.5958549222797928
580			0.596551724137931
581			0.5972461273666093
582			0.5979381443298969
583			0.5969125214408233
584			0.5976027397260274
585			0.5982905982905983
586			0.5989761092150171
587			0.5996592844974447
588			0.6003401360544217
589			0.601018675721562
590			0.6016949152542372
591			0.6023688663282571
592			0.6030405405405406
593			0.6037099494097807
594			0.6026936026936027
595			0.6016806722689075
596			0.6023489932885906
597			0.6030150753768844
598			0.6036789297658863
599			0.6026711185308848
600			0.6033333333333334
601			0.6023294509151415
602			0.6013289036544851
603			0.6019900497512438
604			0.6026490066225165
605			0.6033057851239669
606			0.6023102310231023
607			0.6013179571663921
608			0.600328947368421
609			0.5993431855500821
610			0.5983606557377049
611			0.5990180032733224
612			0.5996732026143791
613			0.598694942903752
614			0.5977198697068404
615			0.5983739837398374
616			0.599025974025974
617			0.5980551053484603
618			0.598705501618123
619			0.5977382875605816
620			0.5983870967741935
621			0.5974235104669887
622			0.5980707395498392
623			0.5987158908507223
624			0.5993589743589743
625			0.6
626			0.6006389776357828
627			0.5996810207336523
628			0.6003184713375797
629			0.6009538950715422
630			0.6
631			0.6006339144215531
632			0.6012658227848101
633			0.6018957345971564
634			0.6025236593059937
635			0.6031496062992125
636			0.6022012578616353
637			0.6012558869701727
638			0.6018808777429467
639			0.6025039123630673
640			0.603125
641			0.6037441497659907
642			0.6043613707165109
643			0.6049766718506998
644			0.6055900621118012
645			0.6062015503875969
646			0.6052631578947368
647			0.6043276661514683
648			0.6049382716049383
649			0.6055469953775039
650			0.6046153846153847
651			0.6052227342549923
652			0.6042944785276073
653			0.6033690658499234
654			0.6039755351681957
655			0.6045801526717557
656			0.6051829268292683
657			0.6057838660578386
658			0.6063829787234043
659			0.6054628224582701
660			0.6060606060606061
661			0.6051437216338881
662			0.6057401812688822
663			0.6048265460030166
664			0.6054216867469879
665			0.6045112781954888
666			0.6036036036036037
667			0.6041979010494752
668			0.6047904191616766
669			0.6053811659192825
670			0.6044776119402985
671			0.6050670640834576
672			0.6041666666666666
673			0.6047548291233283
674			0.6038575667655787
675			0.6044444444444445
676			0.6050295857988166
677			0.6056129985228951
678			0.6047197640117994
679			0.605301914580265
680			0.6058823529411764
681			0.6064610866372981
682			0.6055718475073314
683			0.6046852122986823
684			0.6052631578947368
685			0.6058394160583942
686			0.6064139941690962
687			0.6055312954876274
688			0.6061046511627907
689			0.6052249637155298
690			0.6043478260869565
691			0.6049204052098408
692			0.6040462427745664
693			0.6046176046176046
694			0.6037463976945245
695			0.60431654676259
696			0.603448275862069
697			0.6040172166427547
698			0.6045845272206304
699			0.6051502145922747
700			0.6057142857142858
701			0.6048502139800286
702			0.6054131054131054
703			0.6059743954480796
704			0.6051136363636364
705			0.6042553191489362
706			0.6048158640226629
707			0.6053748231966054
708			0.6059322033898306
709			0.6064880112834978
710			0.6070422535211267
711			0.6061884669479606
712			0.6053370786516854
713			0.605890603085554
714			0.6064425770308123
715			0.6055944055944056
716			0.6061452513966481
717			0.606694560669456
718			0.6072423398328691
719			0.6063977746870653
720			0.6069444444444444
721			0.6074895977808599
722			0.6066481994459834
723			0.607192254495159
724			0.606353591160221
725			0.6068965517241379
726			0.6074380165289256
727			0.6066024759284732
728			0.6057692307692307
729			0.6063100137174211
730			0.6068493150684932
731			0.6060191518467852
732			0.6065573770491803
733			0.6057298772169167
734			0.6062670299727521
735			0.6054421768707483
736			0.6059782608695652
737			0.6051560379918589
738			0.6056910569105691
739			0.6048714479025711
740			0.6054054054054054
741			0.6059379217273954
742			0.6064690026954178
743			0.6069986541049798
744			0.6075268817204301
745			0.6067114093959731
746			0.6072386058981233
747			0.607764390896921
748			0.606951871657754
749			0.6074766355140186
750			0.6066666666666667
751			0.607190412782956
752			0.6077127659574468
753			0.6082337317397079
754			0.6087533156498673
755			0.6079470198675496
756			0.6071428571428571
757			0.607661822985469
758			0.6081794195250659
759			0.6086956521739131
760			0.6092105263157894
761			0.6097240473061761
762			0.6089238845144357
763			0.6081258191349934
764			0.6086387434554974
765			0.6078431372549019
766			0.608355091383812
767			0.6088657105606258
768			0.609375
769			0.6098829648894668
770			0.6103896103896104
771			0.6095979247730221
772			0.6101036269430051
773			0.610608020698577
774			0.6111111111111112
775			0.6116129032258064
776			0.6108247422680413
777			0.6113256113256114
778			0.6105398457583547
779			0.6110397946084724
780			0.6115384615384616
781			0.6120358514724712
782			0.612531969309463
783			0.611749680715198
784			0.610969387755102
785			0.6101910828025477
786			0.6106870229007634
787			0.6111817026683609
788			0.6104060913705583
789			0.6096324461343473
790			0.6088607594936709
791			0.6080910240202275
792			0.6085858585858586
793			0.6090794451450189
794			0.6095717884130982
795			0.6088050314465409
796			0.6092964824120602
797			0.6085319949811794
798			0.6077694235588973
799			0.6082603254067585
800			0.6075
801			0.6067415730337079
802			0.6072319201995012
803			0.6077210460772104
804			0.6082089552238806
805			0.6086956521739131
806			0.607940446650124
807			0.6071871127633209
808			0.6076732673267327
809			0.6069221260815822
810			0.6074074074074074
811			0.6066584463625154
812			0.6059113300492611
813			0.6063960639606396
814			0.6056511056511057
815			0.6049079754601226
816			0.6053921568627451
817			0.605875152998776
818			0.6063569682151589
819			0.6068376068376068
820			0.6060975609756097
821			0.6053593179049939
822			0.6058394160583942
823			0.6051032806804374
824			0.6055825242718447
825			0.6048484848484849
826			0.6053268765133172
827			0.6058041112454655
828			0.605072463768116
829			0.6055488540410132
830			0.6060240963855422
831			0.605294825511432
832			0.6045673076923077
833			0.6050420168067226
834			0.60431654676259
835			0.6047904191616766
836			0.6052631578947368
837			0.6057347670250897
838			0.6062052505966588
839			0.6066746126340882
840			0.6071428571428571
841			0.6076099881093936
842			0.6080760095011877
843			0.608540925266904
844			0.6090047393364929
845			0.6082840236686391
846			0.6087470449172577
847			0.6080283353010626
848			0.6073113207547169
849			0.6065959952885748
850			0.6058823529411764
851			0.6063454759106933
852			0.6068075117370892
853			0.6072684642438453
854			0.6065573770491803
855			0.6070175438596491
856			0.6063084112149533
857			0.6067677946324388
858			0.6072261072261073
859			0.6065192083818394
860			0.6069767441860465
861			0.6074332171893148
862			0.6067285382830626
863			0.6060254924681344
864			0.6064814814814815
865			0.6057803468208093
866			0.6062355658198614
867			0.6066897347174164
868			0.6071428571428571
869			0.6064441887226697
870			0.6057471264367816
871			0.6050516647531573
872			0.6055045871559633
873			0.6048109965635738
874			0.6052631578947368
875			0.6057142857142858
876			0.6061643835616438
877			0.6066134549600912
878			0.6070615034168565
879			0.6063708759954494
880			0.6068181818181818
881			0.6072644721906924
882			0.6077097505668935
883			0.6070215175537939
884			0.6063348416289592
885			0.6056497175141243
886			0.6060948081264108
887			0.6054114994363021
888			0.6047297297297297
889			0.6051743532058492
890			0.6056179775280899
891			0.6060606060606061
892			0.6053811659192825
893			0.6047032474804032
894			0.6051454138702461
895			0.6044692737430167
896			0.6049107142857143
897			0.6053511705685619
898			0.6057906458797327
899			0.6062291434927698
900			0.6066666666666667
901			0.607103218645949
902			0.606430155210643
903			0.6068660022148394
904			0.6061946902654868
905			0.6066298342541436
906			0.6059602649006622
907			0.6052921719955898
908			0.6046255506607929
909			0.6039603960396039
910			0.6043956043956044
911			0.6048298572996706
# ------------------------
Overall Average Accuracy:0.6048298572996706